Vertices
23
True
True
True
True
True
False
False
False
False
False
False
True
False
False
False
False
False
False
False
True
True
True
True
Edges
33
2,1,2
2,2,3
7,3,4
2,1,5
1,2,6
1,3,7
2,6,7
2,5,8
2,8,9
2,9,10
3,10,11
2,11,12
2,4,12
12,5,20
12,12,23
4,8,13
4,10,15
4,11,16
3,13,14
1,14,15
3,15,16
7,13,17
7,14,18
7,16,19
3,17,18
4,18,19
1,17,21
1,19,22
2,20,21
7,21,22
2,22,23
1,6,8
1,7,9
Regions
12
1,2,3,4,13,14,15,29,30,31
1,4,5,8,32
2,5,6,7
3,6,10,11,12,13,33
7,9,32,33
8,14,16,22,27,29
9,10,16,17,19,20
11,17,18,21
12,15,18,24,28,31
19,23,25
20,21,22,23,24,26
25,26,27,28,30