Vertices
23
1
1
1
1
2
2
1
2
3
3
2
1
3
3
3
3
2
3
2
1
1
1
1
Edges
33
2,0,1
2,1,2
7,2,3
2,0,6
1,1,4
1,2,5
2,4,5
1,4,7
1,5,8
2,3,11
2,6,7
2,7,8
2,8,9
3,9,10
2,10,11
12,6,19
4,7,12
4,19,14
4,10,15
12,11,22
3,12,13
1,13,14
3,14,15
7,12,16
7,13,17
7,15,18
3,16,17
4,17,18
1,16,20
1,18,21
2,19,20
7,20,21
2,21,22
Regions
12
0,1,2,9,19,32,31,30,15,3
0,4,7,10,3
1,5,6,4
2,9,14,13,12,8,5
6,8,11,7
10,16,23,28,30,15
11,12,17,21,20,16
13,18,22,17
14,19,32,29,25,18
20,24,26,23
21,22,25,27,24
26,27,29,31,28